timeStamp,elapsed,label,responseCode,responseMessage,threadName,dataType,success,failureMessage,bytes,sentBytes,grpThreads,allThreads,Latency,IdleTime,Connect
1493461381953,222,Request - Addressess - POST,500,Internal Server Error,Addresses - POST 1-1,text,false,,361,338,1,2,222,0,13
1493461382176,76,Request - Addressess - POST,500,Internal Server Error,Addresses - POST 1-1,text,false,,361,338,1,2,76,0,0
1493461382252,136,Request - Addressess - POST,500,Internal Server Error,Addresses - POST 1-1,text,false,,361,338,1,2,136,0,0
1493461382388,167,Request - Addressess - POST,500,Internal Server Error,Addresses - POST 1-1,text,false,,361,338,1,2,167,0,0
1493461382555,125,Request - Addressess - POST,500,Internal Server Error,Addresses - POST 1-1,text,false,,361,338,1,2,125,0,0
1493461382681,141,Request - Addressess - POST,500,Internal Server Error,Addresses - POST 1-1,text,false,,361,338,1,2,141,0,0
1493461382822,175,Request - Addressess - POST,500,Internal Server Error,Addresses - POST 1-1,text,false,,361,338,1,2,175,0,0
1493461382998,174,Request - Addressess - POST,500,Internal Server Error,Addresses - POST 1-1,text,false,,361,338,1,2,174,0,0
1493461383173,67,Request - Addressess - POST,500,Internal Server Error,Addresses - POST 1-1,text,false,,361,338,1,2,67,0,0
1493461383240,55,Request - Addressess - POST,500,Internal Server Error,Addresses - POST 1-1,text,false,,361,338,1,2,55,0,0
1493461383295,116,Request - Addressess - POST,500,Internal Server Error,Addresses - POST 1-1,text,false,,361,338,1,2,116,0,0
1493461383411,59,Request - Addressess - POST,500,Internal Server Error,Addresses - POST 1-1,text,false,,361,338,1,2,59,0,0
1493461383470,61,Request - Addressess - POST,500,Internal Server Error,Addresses - POST 1-1,text,false,,361,338,1,2,61,0,0
1493461383531,75,Request - Addressess - POST,500,Internal Server Error,Addresses - POST 1-1,text,false,,361,338,1,2,74,0,0
1493461383606,96,Request - Addressess - POST,500,Internal Server Error,Addresses - POST 1-1,text,false,,361,338,1,2,96,0,0
1493461383702,88,Request - Addressess - POST,500,Internal Server Error,Addresses - POST 1-1,text,false,,361,338,1,2,88,0,0
1493461383790,78,Request - Addressess - POST,500,Internal Server Error,Addresses - POST 1-1,text,false,,361,338,1,2,78,0,0
1493461383868,137,Request - Addressess - POST,500,Internal Server Error,Addresses - POST 1-1,text,false,,361,338,1,2,137,0,0
1493461384005,167,Request - Addressess - POST,500,Internal Server Error,Addresses - POST 1-1,text,false,,361,338,1,2,167,0,1
1493461384173,52,Request - Addressess - POST,500,Internal Server Error,Addresses - POST 1-1,text,false,,361,338,1,2,52,0,0
1493461384226,141,Request - Addressess - POST,500,Internal Server Error,Addresses - POST 1-1,text,false,,361,338,1,2,141,0,0
1493461384367,95,Request - Addressess - POST,500,Internal Server Error,Addresses - POST 1-1,text,false,,361,338,1,2,95,0,0
1493461384462,99,Request - Addressess - POST,500,Internal Server Error,Addresses - POST 1-1,text,false,,361,338,1,2,99,0,0
1493461384561,211,Request - Addressess - POST,500,Internal Server Error,Addresses - POST 1-1,text,false,,361,338,1,2,211,0,0
1493461384772,183,Request - Addressess - POST,500,Internal Server Error,Addresses - POST 1-1,text,false,,361,338,1,2,183,0,0
1493461384955,102,Request - Addressess - POST,500,Internal Server Error,Addresses - POST 1-1,text,false,,361,338,1,2,102,0,0
1493461385057,101,Request - Addressess - POST,500,Internal Server Error,Addresses - POST 1-1,text,false,,361,338,1,2,101,0,0
1493461385159,113,Request - Addressess - POST,500,Internal Server Error,Addresses - POST 1-1,text,false,,361,338,1,2,113,0,0
1493461385272,86,Request - Addressess - POST,500,Internal Server Error,Addresses - POST 1-1,text,false,,361,338,1,2,86,0,0
1493461385358,134,Request - Addressess - POST,500,Internal Server Error,Addresses - POST 1-1,text,false,,361,338,1,2,134,0,0
1493461385492,90,Request - Addressess - POST,500,Internal Server Error,Addresses - POST 1-1,text,false,,361,338,1,2,90,0,0
1493461385582,56,Request - Addressess - POST,500,Internal Server Error,Addresses - POST 1-1,text,false,,361,338,1,2,56,0,0
1493461385638,55,Request - Addressess - POST,500,Internal Server Error,Addresses - POST 1-1,text,false,,361,338,1,2,55,0,0
1493461385693,143,Request - Addressess - POST,500,Internal Server Error,Addresses - POST 1-1,text,false,,361,338,1,2,143,0,0
1493461385836,35,Request - Addressess - POST,500,Internal Server Error,Addresses - POST 1-1,text,false,,361,338,1,2,35,0,0
1493461385871,104,Request - Addressess - POST,500,Internal Server Error,Addresses - POST 1-1,text,false,,361,338,1,2,104,0,0
1493461385975,84,Request - Addressess - POST,500,Internal Server Error,Addresses - POST 1-1,text,false,,361,338,1,2,84,0,0
1493461386059,100,Request - Addressess - POST,500,Internal Server Error,Addresses - POST 1-1,text,false,,361,338,1,2,100,0,1
1493461386159,57,Request - Addressess - POST,500,Internal Server Error,Addresses - POST 1-1,text,false,,361,338,1,2,57,0,0
1493461386216,53,Request - Addressess - POST,500,Internal Server Error,Addresses - POST 1-1,text,false,,361,338,1,2,53,0,0
1493461386269,52,Request - Addressess - POST,500,Internal Server Error,Addresses - POST 1-1,text,false,,361,338,1,2,52,0,0
1493461386322,74,Request - Addressess - POST,500,Internal Server Error,Addresses - POST 1-1,text,false,,361,338,1,2,74,0,0
1493461386396,90,Request - Addressess - POST,500,Internal Server Error,Addresses - POST 1-1,text,false,,361,338,1,2,90,0,0
1493461386486,72,Request - Addressess - POST,500,Internal Server Error,Addresses - POST 1-1,text,false,,361,338,1,2,72,0,0
1493461386558,63,Request - Addressess - POST,500,Internal Server Error,Addresses - POST 1-1,text,false,,361,338,1,2,63,0,0
1493461386621,50,Request - Addressess - POST,500,Internal Server Error,Addresses - POST 1-1,text,false,,361,338,1,2,50,0,0
1493461386671,56,Request - Addressess - POST,500,Internal Server Error,Addresses - POST 1-1,text,false,,361,338,1,2,56,0,0
1493461386727,115,Request - Addressess - POST,500,Internal Server Error,Addresses - POST 1-1,text,false,,361,338,1,2,115,0,0
1493461386842,87,Request - Addressess - POST,500,Internal Server Error,Addresses - POST 1-1,text,false,,361,338,1,2,87,0,0
1493461386929,144,Request - Addressess - POST,500,Internal Server Error,Addresses - POST 1-1,text,false,,361,338,1,2,144,0,0
1493461387074,110,Request - Addressess - POST,500,Internal Server Error,Addresses - POST 1-1,text,false,,361,338,1,2,110,0,0
1493461387184,117,Request - Addressess - POST,500,Internal Server Error,Addresses - POST 1-1,text,false,,361,338,1,2,117,0,0
1493461387301,85,Request - Addressess - POST,500,Internal Server Error,Addresses - POST 1-1,text,false,,361,338,1,2,85,0,0
1493461387387,82,Request - Addressess - POST,500,Internal Server Error,Addresses - POST 1-1,text,false,,361,338,1,2,82,0,0
1493461387470,70,Request - Addressess - POST,500,Internal Server Error,Addresses - POST 1-1,text,false,,361,338,1,2,70,0,0
1493461387540,68,Request - Addressess - POST,500,Internal Server Error,Addresses - POST 1-1,text,false,,361,338,1,2,68,0,0
1493461387608,74,Request - Addressess - POST,500,Internal Server Error,Addresses - POST 1-1,text,false,,361,338,1,2,74,0,0
1493461387683,121,Request - Addressess - POST,500,Internal Server Error,Addresses - POST 1-1,text,false,,361,338,1,2,121,0,0
1493461387804,122,Request - Addressess - POST,500,Internal Server Error,Addresses - POST 1-1,text,false,,361,338,1,2,122,0,0
1493461387926,93,Request - Addressess - POST,500,Internal Server Error,Addresses - POST 1-1,text,false,,361,338,1,2,93,0,0
1493461388019,52,Request - Addressess - POST,500,Internal Server Error,Addresses - POST 1-1,text,false,,361,338,1,2,52,0,0
1493461388071,122,Request - Addressess - POST,500,Internal Server Error,Addresses - POST 1-1,text,false,,361,338,1,2,122,0,1
1493461388193,54,Request - Addressess - POST,500,Internal Server Error,Addresses - POST 1-1,text,false,,361,338,1,2,54,0,0
1493461388247,60,Request - Addressess - POST,500,Internal Server Error,Addresses - POST 1-1,text,false,,361,338,1,2,60,0,0
1493461388308,109,Request - Addressess - POST,500,Internal Server Error,Addresses - POST 1-1,text,false,,361,338,1,2,109,0,0
1493461388417,74,Request - Addressess - POST,500,Internal Server Error,Addresses - POST 1-1,text,false,,361,338,1,2,74,0,0
1493461388492,56,Request - Addressess - POST,500,Internal Server Error,Addresses - POST 1-1,text,false,,361,338,1,2,56,0,0
1493461388548,158,Request - Addressess - POST,500,Internal Server Error,Addresses - POST 1-1,text,false,,361,338,1,2,158,0,0
1493461388706,85,Request - Addressess - POST,500,Internal Server Error,Addresses - POST 1-1,text,false,,361,338,1,2,85,0,0
1493461388791,120,Request - Addressess - POST,500,Internal Server Error,Addresses - POST 1-1,text,false,,361,338,1,2,120,0,0
1493461388911,115,Request - Addressess - POST,500,Internal Server Error,Addresses - POST 1-1,text,false,,361,338,1,2,115,0,0
1493461389026,79,Request - Addressess - POST,500,Internal Server Error,Addresses - POST 1-1,text,false,,361,338,1,2,79,0,0
1493461389105,41,Request - Addressess - POST,500,Internal Server Error,Addresses - POST 1-1,text,false,,361,338,1,2,41,0,0
1493461389146,80,Request - Addressess - POST,500,Internal Server Error,Addresses - POST 1-1,text,false,,361,338,1,2,80,0,0
1493461389226,94,Request - Addressess - POST,500,Internal Server Error,Addresses - POST 1-1,text,false,,361,338,1,2,94,0,0
1493461389320,50,Request - Addressess - POST,500,Internal Server Error,Addresses - POST 1-1,text,false,,361,338,1,2,50,0,0
1493461389371,57,Request - Addressess - POST,500,Internal Server Error,Addresses - POST 1-1,text,false,,361,338,1,2,57,0,0
1493461389428,46,Request - Addressess - POST,500,Internal Server Error,Addresses - POST 1-1,text,false,,361,338,1,2,45,0,0
1493461389474,52,Request - Addressess - POST,500,Internal Server Error,Addresses - POST 1-1,text,false,,361,338,1,2,52,0,0
1493461389526,61,Request - Addressess - POST,500,Internal Server Error,Addresses - POST 1-1,text,false,,361,338,1,2,61,0,0
1493461389587,56,Request - Addressess - POST,500,Internal Server Error,Addresses - POST 1-1,text,false,,361,338,1,2,56,0,0
1493461389643,47,Request - Addressess - POST,500,Internal Server Error,Addresses - POST 1-1,text,false,,361,338,1,2,47,0,0
1493461389690,85,Request - Addressess - POST,500,Internal Server Error,Addresses - POST 1-1,text,false,,361,338,1,2,85,0,0
1493461389775,157,Request - Addressess - POST,500,Internal Server Error,Addresses - POST 1-1,text,false,,361,338,1,2,157,0,0
1493461389932,114,Request - Addressess - POST,500,Internal Server Error,Addresses - POST 1-1,text,false,,361,338,1,2,114,0,0
1493461390046,87,Request - Addressess - POST,500,Internal Server Error,Addresses - POST 1-1,text,false,,361,338,1,2,87,0,0
1493461390134,163,Request - Addressess - POST,500,Internal Server Error,Addresses - POST 1-1,text,false,,361,338,1,2,163,0,0
1493461390297,83,Request - Addressess - POST,500,Internal Server Error,Addresses - POST 1-1,text,false,,361,338,1,2,82,0,0
1493461390380,83,Request - Addressess - POST,500,Internal Server Error,Addresses - POST 1-1,text,false,,361,338,1,2,83,0,0
1493461390464,78,Request - Addressess - POST,500,Internal Server Error,Addresses - POST 1-1,text,false,,361,338,1,2,78,0,0
1493461390543,112,Request - Addressess - POST,500,Internal Server Error,Addresses - POST 1-1,text,false,,361,338,1,2,112,0,0
1493461390655,80,Request - Addressess - POST,500,Internal Server Error,Addresses - POST 1-1,text,false,,361,338,1,2,80,0,0
1493461390736,71,Request - Addressess - POST,500,Internal Server Error,Addresses - POST 1-1,text,false,,361,338,1,2,71,0,0
1493461390807,54,Request - Addressess - POST,500,Internal Server Error,Addresses - POST 1-1,text,false,,361,338,1,2,54,0,0
1493461390862,75,Request - Addressess - POST,500,Internal Server Error,Addresses - POST 1-1,text,false,,361,338,1,2,75,0,0
1493461390937,80,Request - Addressess - POST,500,Internal Server Error,Addresses - POST 1-1,text,false,,361,338,1,2,80,0,0
1493461391018,77,Request - Addressess - POST,500,Internal Server Error,Addresses - POST 1-1,text,false,,361,338,1,2,77,0,0
1493461391095,79,Request - Addressess - POST,500,Internal Server Error,Addresses - POST 1-1,text,false,,361,338,1,2,79,0,0
1493461391174,124,Request - Addressess - POST,500,Internal Server Error,Addresses - POST 1-1,text,false,,361,338,1,2,124,0,0
1493461391298,133,Request - Addressess - POST,500,Internal Server Error,Addresses - POST 1-1,text,false,,361,338,1,2,133,0,0
1493461391431,62,Request - Addressess - POST,500,Internal Server Error,Addresses - POST 1-1,text,false,,361,338,1,2,62,0,0
1493461391493,194,Request - Addressess - POST,500,Internal Server Error,Addresses - POST 1-1,text,false,,361,338,1,2,194,0,0
1493461391687,101,Request - Addressess - POST,500,Internal Server Error,Addresses - POST 1-1,text,false,,361,338,1,2,101,0,0
1493461391788,94,Request - Addressess - POST,500,Internal Server Error,Addresses - POST 1-1,text,false,,361,338,1,2,94,0,0
1493461391882,170,Request - Addressess - POST,500,Internal Server Error,Addresses - POST 1-1,text,false,,361,338,1,2,170,0,0
